   0.0000000000000000        1.0000000000000000        1000.0000000000000        1.0000000000000000        0.0000000000000000        0.0000000000000000     
   1.7761015622834875E-012   1.0000000000000000        1000.0000000000000       0.99999999998926259        1.0737417888408166E-011   7.6861428649507967E-022
   3.5522031262210983E-012   1.0000000000000000        1000.0000000000000       0.99999999997852518        2.1474835785125378E-011   3.0744571479224584E-021
   7.1044062540963202E-012   1.0000000000000000        1000.0000000000000       0.99999999995705036        4.2949671573486951E-011   1.2297828594326940E-020
   1.0656609381971543E-011   1.0000000000000000        1000.0000000000000       0.99999999993557553        6.4424507356775683E-011   2.6132885763191759E-020
   1.7761015637721985E-011   1.0000000000000000        1000.0000000000000       0.99999999989262589        1.0737417890306171E-010   7.2249742982047667E-020
   2.4154981098515141E-011   1.0000000000000000        1000.0000000000000       0.99999999985397114        1.4602888225432865E-010   1.2865538409684220E-019
   3.0548946559308297E-011   1.0000000000000000        1000.0000000000000       0.99999999981531640        1.8468358558915967E-010   2.0000277148662416E-019
   3.6942912020101450E-011   1.0000000000000000        1000.0000000000000       0.99999999977666176        2.2333828890755467E-010   2.8629201948184308E-019
   4.9730842941687762E-011   1.0000000000000000        1000.0000000000000       0.99999999969935227        3.0064769550584288E-010   4.9387206487745275E-019
   6.2518773863274073E-011   1.0000000000000000        1000.0000000000000       0.99999999962204289        3.7795710204216765E-010   7.5778249536141958E-019
   7.5306704784860379E-011   1.0000000000000000        1000.0000000000000       0.99999999954473351        4.5526650851394153E-010   1.0803755946394942E-018
   1.0088256662803300E-010   1.0000000000000000        1000.0000000000000       0.99999999939011475        6.0988532126061135E-010   1.9045417368124984E-018
   1.2645842847120563E-010   1.0000000000000000        1000.0000000000000       0.99999999923549576        7.6450413374482023E-010   2.9673085988211037E-018
   1.7761015215755087E-010   1.0000000000000000        1000.0000000000000       0.99999999892625835        1.0737417579244800E-009   5.8098952906181874E-018
   2.7991359953024137E-010   1.0000000000000000        1000.0000000000000       0.99999999830778308        1.6922170031284606E-009   1.4363558489716344E-017
   4.8452049427562236E-010   1.0000000000000000        1000.0000000000000       0.99999999707083254        2.9291674809137762E-009   4.2946017640832868E-017
   8.9373428376638433E-010   1.0000000000000000        1000.0000000000000       0.99999999459693156        5.4030683859932663E-009   1.4601197395944446E-016
   1.7121618627479081E-009   1.0000000000000000        1000.0000000000000       0.99999998964912951        1.0350869994186410E-008   5.3574918777100530E-016
   3.3490170207109560E-009   1.0000000000000000        1000.0000000000000       0.99999997975352550        2.0246472402708642E-008   2.0496454728244838E-015
   6.6227273366370518E-009   1.0000000000000000        1000.0000000000000       0.99999995996231794        4.0037673988296049E-008   8.0151262127717831E-015
   1.3170147968489242E-008   1.0000000000000000        1000.0000000000000       0.99999992037990404        7.9620064233645199E-008   3.1696837705802998E-014
   1.9717568600341433E-008   1.0000000000000000        1000.0000000000000       0.99999988079749169        1.1920243724456452E-007   7.1046211499618066E-014
   2.6264989232193625E-008   1.0000000000000000        1000.0000000000000       0.99999984121508090        1.5878479302106038E-007   1.2606324128896953E-013
   3.2812409864045813E-008   1.0000000000000000        1000.0000000000000       0.99999980163267166        1.9836713156313944E-007   1.9674792042424244E-013
   4.5907251127750197E-008   1.0000000000000000        1000.0000000000000       0.99999972246785807        2.7753175694407242E-007   3.8512020188058275E-013
   5.9002092391454580E-008   1.0000000000000000        1000.0000000000000       0.99999964330305047        3.5669631338741850E-007   6.3616300114070156E-013
   7.2096933655158963E-008   1.0000000000000000        1000.0000000000000       0.99999956413824920        4.3586080089323423E-007   9.4987626224866457E-013
   9.8286616182567730E-008   1.0000000000000000        1000.0000000000000       0.99999940580866553        5.9418956909249581E-007   1.7653139509737204E-012
   1.2447629870997648E-007   1.0000000000000000        1000.0000000000000       0.99999924747910718        7.5251806154229958E-007   2.8314328295132608E-012
   1.7685566376479402E-007   1.0000000000000000        1000.0000000000000       0.99999893082006519        1.0691742191952941E-006   5.7157124114559465E-012
   2.2923502881961155E-007   1.0000000000000000        1000.0000000000000       0.99999861416112346        1.3858292738557433E-006   9.6027115142169511E-012
   3.3399375892924662E-007   1.0000000000000000        1000.0000000000000       0.99999798084354108        2.0191360742131013E-006   2.0384854315020497E-011
   4.3875248903888168E-007   1.0000000000000000        1000.0000000000000       0.99999734752635949        2.6524384626425683E-006   3.5177833290019621E-011
   6.4826994925815176E-007   1.0000000000000000        1000.0000000000000       0.99999608089319991        3.9190300038306087E-006   7.6796188001233668E-011
   1.0673048696966919E-006   1.0000000000000000        1000.0000000000000       0.99999354763169401        6.4521601443125840E-006   2.0816170211299323E-010
   1.9053747105737724E-006   1.0000000000000000        1000.0000000000000       0.99998848112793437        1.1518208664015564E-005   6.6340169054390195E-010
   2.7434445514508530E-006   1.0000000000000000        1000.0000000000000       0.99998341464984419        1.6583974847399819E-005   1.3753083717177386E-009
   4.4195842332050140E-006   1.0000000000000000        1000.0000000000000       0.99997328177067235        2.6714660262947942E-005   3.5690645967479459E-009
   6.0957239149591751E-006   1.0000000000000000        1000.0000000000000       0.99996314899417760        3.6844216506423746E-005   6.7893159508510922E-009
   9.4480032784674972E-006   1.0000000000000000        1000.0000000000000       0.99994288374921469        5.7099941938947946E-005   1.6308846418428004E-008
   1.2800282641975819E-005   1.0000000000000000        1000.0000000000000       0.99992261891494694        7.7351152068475500E-005   2.9932984594699274E-008
   1.6152562005484140E-005   1.0000000000000000        1000.0000000000000       0.99990235449136622        9.7597847818325725E-005   4.7660815483499188E-008
   1.9504841368992460E-005   1.0000000000000000        1000.0000000000000       0.99988209047846399        1.1784003011162609E-004   6.9491424280311723E-008
   2.2857120732500781E-005   1.0000000000000000        1000.0000000000000       0.99986182687623237        1.3807769987131342E-004   9.5423896371225161E-008
   2.9561679459517425E-005   1.0000000000000000        1000.0000000000000       0.99982130090374632        1.7853950548070232E-004   1.5959077287213549E-007
   3.6266238186534069E-005   1.0000000000000000        1000.0000000000000       0.99978077657384201        2.1898327202622253E-004   2.4015413183521805E-007
   4.2970796913550710E-005   1.0000000000000000        1000.0000000000000       0.99974025388645227        2.5940900688459098E-004   3.3710666311995643E-007
   5.6379914367583998E-005   1.0000000000000000        1000.0000000000000       0.99965921343895126        3.4020641103186432E-004   5.8015001695477005E-007
   8.3198149275650569E-005   1.0000000000000000        1000.0000000000000       0.99949715225119784        5.0158516332505804E-004   1.2625854770780100E-006
   1.1001638418371715E-004   1.0000000000000000        1000.0000000000000       0.99933511733622649        6.6267623342019860E-004   2.2064303532672868E-006
   1.3683461909178371E-004   1.0000000000000000        1000.0000000000000       0.99917310868977793        8.2348009161327287E-004   3.4112186087860459E-006
   1.9047108890791686E-004   1.0000000000000000        1000.0000000000000       0.99884917018541541        1.1442280496674732E-003   6.6017649171066285E-006
   2.4410755872405002E-004   1.0000000000000000        1000.0000000000000       0.99852533670405019        1.4638327846251986E-003   1.0830511324690511E-005
   2.9774402854018314E-004   1.0000000000000000        1000.0000000000000       0.99820160821163295        1.7822980314805557E-003   1.6093756886577576E-005
   3.5138049835631627E-004   1.0000000000000000        1000.0000000000000       0.99787798467412570        2.0996275131255431E-003   2.2387812748878531E-005
   4.0501696817244940E-004   1.0000000000000000        1000.0000000000000       0.99755446605750131        2.4158249403898957E-003   2.9709002108931417E-005
   4.5865343798858252E-004   1.0000000000000000        1000.0000000000000       0.99723105232774367        2.7308940120796725E-003   3.8053660176717556E-005
   5.6592637762084878E-004   1.0000000000000000        1000.0000000000000       0.99658453939281999        3.3576618240651569E-003   5.7798783114863068E-005
   6.7319931725311503E-004   1.0000000000000000        1000.0000000000000       0.99593844559744671        3.9799603005206382E-003   8.1594102032504982E-005
   7.8047225688538128E-004   1.0000000000000000        1000.0000000000000       0.99529277066989275        4.5978186029791797E-003   1.0941072712813269E-004
   8.8774519651764754E-004   1.0000000000000000        1000.0000000000000       0.99464751433860199        5.2112657042923463E-003   1.4121995710556377E-004
   1.1022910757821800E-003   1.0000000000000000        1000.0000000000000       0.99335825637947028        6.4250412587611343E-003   2.1670236176866563E-004
   1.3168369550467126E-003   1.0000000000000000        1000.0000000000000       0.99207066955112699        7.6215150192225842E-003   3.0781542965033470E-004
   1.7459287135757778E-003   1.0000000000000000        1000.0000000000000       0.98950050062516393        9.9634547078455912E-003   5.3604466699055725E-004
   2.0941804804516040E-003   1.0000000000000000        1000.0000000000000       0.98741944200220777        1.1815178445637581E-002   7.6537955215469507E-004
   2.4424322473274303E-003   1.0000000000000000        1000.0000000000000       0.98534276013801969        1.3623993354775960E-002   1.0332465072043287E-003
   2.7906840142032565E-003   1.0000000000000000        1000.0000000000000       0.98327044582766110        1.5390802484173186E-002   1.3387516881658197E-003
   3.1389357810790827E-003   1.0000000000000000        1000.0000000000000       0.98120248988555214        1.7116490049185491E-002   1.6810200652624778E-003
   3.4871875479549090E-003   1.0000000000000000        1000.0000000000000       0.97913888314543196        1.8801921824903735E-002   2.0591950296644083E-003
   3.8354393148307352E-003   1.0000000000000000        1000.0000000000000       0.97707961646031749        2.0447945530691829E-002   2.4724380089907352E-003
   4.1836910817065615E-003   1.0000000000000000        1000.0000000000000       0.97502468070246306        2.2055391206050844E-002   2.9199280914860822E-003
   4.5319428485823881E-003   1.0000000000000000        1000.0000000000000       0.97297406676332021        2.3625071578688591E-002   3.4008616579913197E-003
   4.8801946154582148E-003   1.0000000000000000        1000.0000000000000       0.97092776555349614        2.5157782425285789E-002   3.9144520212179056E-003
   5.2284463823340415E-003   1.0000000000000000        1000.0000000000000       0.96888576800271586        2.6654302924865661E-002   4.4599290724185222E-003
   5.5766981492098681E-003   1.0000000000000000        1000.0000000000000       0.96684806505977883        2.8115396004656158E-002   5.0365389355650336E-003
   5.9249499160856948E-003   1.0000000000000000        1000.0000000000000       0.96481464769252134        2.9541808678629596E-002   5.6435436288490180E-003
   6.2732016829615215E-003   1.0000000000000000        1000.0000000000000       0.96278550688777564        3.0934272379021518E-002   6.2802207332028964E-003
   6.6214534498373482E-003   1.0000000000000000        1000.0000000000000       0.96076063365132924        3.2293503281016309E-002   6.9458630676543171E-003
   6.9697052167131748E-003   1.0000000000000000        1000.0000000000000       0.95874001900788686        3.3620202620678795E-002   7.6397783714343527E-003
   7.3179569835890015E-003   1.0000000000000000        1000.0000000000000       0.95672365400102843        3.4915057006227768E-002   8.3612889927438417E-003
   8.0144605173406540E-003   1.0000000000000000        1000.0000000000000       0.95270363716552886        3.7411906017556368E-002   9.8844568169148082E-003
   8.6413136811112033E-003   1.0000000000000000        1000.0000000000000       0.94910006640025568        3.9556759522350993E-002   1.1343174077393409E-002
   9.2681668448817527E-003   1.0000000000000000        1000.0000000000000       0.94551012602512019        4.1608476503716095E-002   1.2881397471163656E-002
   9.8950200086523020E-003   1.0000000000000000        1000.0000000000000       0.94193376448361177        4.3570571058677017E-002   1.4495664457711208E-002
   1.0521873172422851E-002   1.0000000000000000        1000.0000000000000       0.93837093041423025        4.5446426399557087E-002   1.6182643186212702E-002
   1.1148726336193401E-002   1.0000000000000000        1000.0000000000000       0.93482157264974886        4.7239299733433215E-002   1.7939127616817947E-002
   1.1775579499963950E-002   1.0000000000000000        1000.0000000000000       0.93128564021647919        4.8952326957192309E-002   1.9762032826328435E-002
   1.2402432663734499E-002   1.0000000000000000        1000.0000000000000       0.92776308233353921        5.0588527166282080E-002   2.1648390500178642E-002
   1.3029285827505049E-002   1.0000000000000000        1000.0000000000000       0.92425384841212388        5.2150806993044835E-002   2.3595344594831254E-002
   1.3656138991275598E-002   1.0000000000000000        1000.0000000000000       0.92075788805477865        5.3641964789644996E-002   2.5600147155576364E-002
   1.4282992155046147E-002   1.0000000000000000        1000.0000000000000       0.91727515105467561        5.5064694658886429E-002   2.7660154286437904E-002
   1.4909845318816697E-002   1.0000000000000000        1000.0000000000000       0.91380558739489304        5.6421590332646786E-002   2.9772822272460291E-002
   1.5536698482587246E-002   1.0000000000000000        1000.0000000000000       0.91034914724769578        5.7715148903282783E-002   3.1935703849021453E-002
   1.6163551646357795E-002   1.0000000000000000        1000.0000000000000       0.90690578097382135        5.8947774416944168E-002   3.4146444609234564E-002
   1.6790404810128345E-002   1.0000000000000000        1000.0000000000000       0.90347543912176542        6.0121781335163257E-002   3.6402779543071279E-002
   1.7417257973898894E-002   1.0000000000000000        1000.0000000000000       0.90005807242707303        6.1239397867889296E-002   3.8702529705037576E-002
   1.8044111137669443E-002   1.0000000000000000        1000.0000000000000       0.89665363181163038        6.2302769181474975E-002   4.1043599006894825E-002
   1.8670964301439993E-002   1.0000000000000000        1000.0000000000000       0.89326206838295907        6.3313960486923601E-002   4.3423971130117311E-002
   1.9297817465210542E-002   1.0000000000000000        1000.0000000000000       0.88988333343351633        6.4274960013820479E-002   4.5841706552663293E-002
   1.9924670628981091E-002   1.0000000000000000        1000.0000000000000       0.88651737843999290        6.5187681874096307E-002   4.8294939685910664E-002
   2.0551523792751641E-002   1.0000000000000000        1000.0000000000000       0.88316415506261858        6.6053968819102332E-002   5.0781876118279105E-002
   2.1178376956522190E-002   1.0000000000000000        1000.0000000000000       0.87982361514446539        6.6875594893837709E-002   5.3300789961696786E-002
   2.1805230120292739E-002   1.0000000000000000        1000.0000000000000       0.87649571071075871        6.7654267992489525E-002   5.5850021296751692E-002
   2.2432083284063289E-002   1.0000000000000000        1000.0000000000000       0.87318039396818592        6.8391632319134393E-002   5.8427973712679555E-002
   2.3058936447833838E-002   1.0000000000000000        1000.0000000000000       0.86987761730421187        6.9089270756978557E-002   6.1033111938809607E-002
   2.3685789611604387E-002   1.0000000000000000        1000.0000000000000       0.86658733328639370        6.9748707149385594E-002   6.3663959564220912E-002
   2.4312642775374937E-002   1.0000000000000000        1000.0000000000000       0.86330949466170015        7.0371408496015253E-002   6.6319096842284653E-002
   2.4939495939145486E-002   1.0000000000000000        1000.0000000000000       0.86004405435583375        7.0958787067335480E-002   6.8997158576830850E-002
   2.5566349102916035E-002   1.0000000000000000        1000.0000000000000       0.85679096547255340        7.1512202440549719E-002   7.1696832086896881E-002
   2.6193202266686585E-002   1.0000000000000000        1000.0000000000000       0.85355018129300197        7.2032963459799509E-002   7.4416855247198599E-002
   2.6820055430457134E-002   1.0000000000000000        1000.0000000000000       0.85032165527503434        7.2522330123435702E-002   7.7156014601530001E-002
   2.7446908594227683E-002   1.0000000000000000        1000.0000000000000       0.84710534105255009        7.2981515401101135E-002   7.9913143546348903E-002
   2.8073761757998233E-002   1.0000000000000000        1000.0000000000000       0.84390119243482653        7.3411686983258326E-002   8.2687120581914964E-002
   2.8700614921768782E-002   1.0000000000000000        1000.0000000000000       0.84070916340585700        7.3813968965662363E-002   8.5476867628480793E-002
   2.9327468085539331E-002   1.0000000000000000        1000.0000000000000       0.83752920812368725        7.4189443471180630E-002   8.8281348405132160E-002
   2.9954321249309881E-002   1.0000000000000000        1000.0000000000000       0.83436128091976003        7.4539152211291759E-002   9.1099566868948212E-002
   3.0581174413080430E-002   1.0000000000000000        1000.0000000000000       0.83120533629825744        7.4864097989517028E-002   9.3930565712225605E-002
   3.1208027576850979E-002   1.0000000000000000        1000.0000000000000       0.82806132893544804        7.5165246148946652E-002   9.6773424915605213E-002
   3.1834880740621525E-002   1.0000000000000000        1000.0000000000000       0.82492921367903627        7.5443525965934094E-002   9.9627260355029612E-002
   3.3088587068162624E-002   1.0000000000000000        1000.0000000000000       0.81870047972951798        7.5935025212568341E-002  0.10536449505791383     
   3.4216922733058923E-002   1.0000000000000000        1000.0000000000000       0.81313484084510224        7.6307795186860858E-002  0.11055736396803670     
   3.5345258397955222E-002   1.0000000000000000        1000.0000000000000       0.80760703794217237        7.6619412122828634E-002  0.11577354993499897     
   3.6473594062851521E-002   1.0000000000000000        1000.0000000000000       0.80211681380649891        7.6874157086006173E-002  0.12100902910749484     
   3.7601929727747820E-002   1.0000000000000000        1000.0000000000000       0.79666391297243511        7.7076027080878726E-002  0.12626005994668629     
   3.8730265392644118E-002   1.0000000000000000        1000.0000000000000       0.79124808171102523        7.7228753852620180E-002  0.13152316443635456     
   3.9858601057540417E-002   1.0000000000000000        1000.0000000000000       0.78586906801819745        7.7335821440515262E-002  0.13679511054128723     
   4.0986936722436716E-002   1.0000000000000000        1000.0000000000000       0.78052662160303710        7.7400482515424293E-002  0.14207289588153860     
   4.2115272387333015E-002   1.0000000000000000        1000.0000000000000       0.77522049387614189        7.7425773619021296E-002  0.14735373250483691     
   4.3243608052229314E-002   1.0000000000000000        1000.0000000000000       0.76995043793805529        7.7414529419102582E-002  0.15263503264284228     
   4.4371943717125613E-002   1.0000000000000000        1000.0000000000000       0.76471620856777744        7.7369396043814057E-002  0.15791439538840860     
   4.5500279382021912E-002   1.0000000000000000        1000.0000000000000       0.75951756221135458        7.7292843533296074E-002  0.16318959425534948     
   4.6628615046918211E-002   1.0000000000000000        1000.0000000000000       0.75435425697054603        7.7187177459070860E-002  0.16845856557038313     
   4.7756950711814510E-002   1.0000000000000000        1000.0000000000000       0.74922605259156894        7.7054549774356926E-002  0.17371939763407415     
   4.8885286376710808E-002   1.0000000000000000        1000.0000000000000       0.74413271045391871        7.6896968953448996E-002  0.17897032059263221     
   5.0013622041607107E-002   1.0000000000000000        1000.0000000000000       0.73907399355926640        7.6716309465765353E-002  0.18420969697496828     
   5.1141957706503406E-002   1.0000000000000000        1000.0000000000000       0.73404966652042958        7.6514320624086835E-002  0.18943601285548348     
   5.2270293371399705E-002   1.0000000000000000        1000.0000000000000       0.72905949555042127        7.6292634847153484E-002  0.19464786960242533     
   5.3398629036296004E-002   1.0000000000000000        1000.0000000000000       0.72410324845156970        7.6052775377030646E-002  0.19984397617139965     
   5.4526964701192303E-002   1.0000000000000000        1000.0000000000000       0.71918069460471590        7.5796163488491511E-002  0.20502314190679263     
   5.5655300366088602E-002   1.0000000000000000        1000.0000000000000       0.71429160495848143        7.5524125223509528E-002  0.21018426981800911     
   5.6783636030984901E-002   1.0000000000000000        1000.0000000000000       0.70943575201861031        7.5237897681345603E-002  0.21532635030004413     
   5.7911971695881199E-002   1.0000000000000000        1000.0000000000000       0.70461290983738456        7.4938634893404674E-002  0.22044845526921078     
   5.9040307360777498E-002   1.0000000000000000        1000.0000000000000       0.69982285400310962        7.4627413310619728E-002  0.22554973268627057     
   6.0168643025673797E-002   1.0000000000000000        1000.0000000000000       0.69506536162967281        7.4305236929130089E-002  0.23062940144119715     
   6.1296978690570096E-002   1.0000000000000000        1000.0000000000000       0.69034021134617185        7.3973042077999970E-002  0.23568674657582819     
   6.2425314355466395E-002   1.0000000000000000        1000.0000000000000       0.68564718328661434        7.3631701891107737E-002  0.24072111482227804     
   6.3553650020362701E-002   1.0000000000000000        1000.0000000000000       0.68098605907968757        7.3282030484022070E-002  0.24573191043629047     
   6.4681985685259000E-002   1.0000000000000000        1000.0000000000000       0.67635662183859668        7.2924786855396523E-002  0.25071859130600688     
   6.5810321350155299E-002   1.0000000000000000        1000.0000000000000       0.67175865615097374        7.2560678531082015E-002  0.25568066531794409     
   6.6938657015051597E-002   1.0000000000000000        1000.0000000000000       0.66719194806885362        7.2190364967898268E-002  0.26061768696324822     
   6.8066992679947896E-002   1.0000000000000000        1000.0000000000000       0.66265628509871877        7.1814460732883376E-002  0.26552925416839801     
   6.9195328344844195E-002   1.0000000000000000        1000.0000000000000       0.65815145619161186        7.1433538472828809E-002  0.27041500533555940     
   7.0323664009740494E-002   1.0000000000000000        1000.0000000000000       0.65367725173331626        7.1048131687943342E-002  0.27527461657874053     
   7.1451999674636793E-002   1.0000000000000000        1000.0000000000000       0.64923346353460065        7.0658737322567791E-002  0.28010779914283157     
   7.2580335339533092E-002   1.0000000000000000        1000.0000000000000       0.64481988482153374        7.0265818184998496E-002  0.28491429699346771     
   7.3708671004429391E-002   1.0000000000000000        1000.0000000000000       0.64043631022586156        6.9869805207683267E-002  0.28969388456645540     
   7.4837006669325690E-002   1.0000000000000000        1000.0000000000000       0.63608253577545171        6.9471099558316846E-002  0.29444636466623147     
   7.5965342334221989E-002   1.0000000000000000        1000.0000000000000       0.63175835888480303        6.9070074611671167E-002  0.29917156650352600     
   7.7093677999118287E-002   1.0000000000000000        1000.0000000000000       0.62746357834561817        6.8667077791343928E-002  0.30386934386303804     
   7.8222013664014586E-002   1.0000000000000000        1000.0000000000000       0.62319799431744161        6.8262432290002492E-002  0.30853957339255611     
   7.9350349328910885E-002   1.0000000000000000        1000.0000000000000       0.61896140831836055        6.7856438676134737E-002  0.31318215300550478     
   8.0478684993807184E-002   1.0000000000000000        1000.0000000000000       0.61475362321577065        6.7449376394790678E-002  0.31779700038943881     
   8.1607020658703483E-002   1.0000000000000000        1000.0000000000000       0.61057444321720100        6.7041505169306403E-002  0.32238405161349265     
   8.2735356323599782E-002   1.0000000000000000        1000.0000000000000       0.60642367386120566        6.6633066310539918E-002  0.32694325982825445     
   8.3863691988496081E-002   1.0000000000000000        1000.0000000000000       0.60230112200831432        6.6224283939716980E-002  0.33147459405196883     
   8.4992027653392380E-002   1.0000000000000000        1000.0000000000000       0.59820659583204527        6.5815366130584863E-002  0.33597803803736997     
   8.6120363318288679E-002   1.0000000000000000        1000.0000000000000       0.59413990480998013        6.5406505976194018E-002  0.34045358921382607     
   8.7248698983184977E-002   1.0000000000000000        1000.0000000000000       0.59010085971489734        6.4997882585278902E-002  0.34490125769982388     
   8.8377034648081276E-002   1.0000000000000000        1000.0000000000000       0.58608927260596921        6.4589662012880272E-002  0.34932106538115054     
   8.9505370312977575E-002   1.0000000000000000        1000.0000000000000       0.58210495682001517        6.4181998129545295E-002  0.35371304505043960     
   9.0633705977873874E-002   1.0000000000000000        1000.0000000000000       0.57814772696281647        6.3775033433155950E-002  0.35807723960402760     
   9.2890377307666472E-002   1.0000000000000000        1000.0000000000000       0.57031378975107561        6.2963719099396007E-002  0.36672249114952843     
   9.4921381450676579E-002   1.0000000000000000        1000.0000000000000       0.56335404612282136        6.2237149847216372E-002  0.37440880402996224     
   9.6952385593686685E-002   1.0000000000000000        1000.0000000000000       0.55647923474110239        6.1514617413277253E-002  0.38200614784562048     
   9.8983389736696792E-002   1.0000000000000000        1000.0000000000000       0.54968831914719041        6.0796630661243051E-002  0.38951505019156651     
  0.10101439387970690        1.0000000000000000        1000.0000000000000       0.54298027553072326        6.0083627671813231E-002  0.39693609679746361     
  0.10304539802271701        1.0000000000000000        1000.0000000000000       0.53635409257528710        5.9375984130071363E-002  0.40426992329464145     
  0.10507640216572711        1.0000000000000000        1000.0000000000000       0.52980877130589621        5.8674020731299549E-002  0.41151720796280428     
  0.10710740630873722        1.0000000000000000        1000.0000000000000       0.52334332493839109        5.7978009667386955E-002  0.41867866539422205     
  0.10913841045174733        1.0000000000000000        1000.0000000000000       0.51695677873069912        5.7288180341078680E-002  0.42575504092822219     
  0.11116941459475743        1.0000000000000000        1000.0000000000000       0.51064816983588968        5.6604724441509498E-002  0.43274710572260089     
  0.11320041873776754        1.0000000000000000        1000.0000000000000       0.50441654715700102        5.5927800451553746E-002  0.43965565239144533     
  0.11523142288077765        1.0000000000000000        1000.0000000000000       0.49826097120364166        5.5257537628425980E-002  0.44648149116793234     
  0.11726242702378775        1.0000000000000000        1000.0000000000000       0.49218051395035506        5.4594039510504948E-002  0.45322544653913993     
  0.11929343116679786        1.0000000000000000        1000.0000000000000       0.48617425869671338        5.3937387014681218E-002  0.45988835428860553     
  0.12132443530980797        1.0000000000000000        1000.0000000000000       0.48024129992911496        5.3287641179531241E-002  0.46647105889135393     
  0.12335543945281807        1.0000000000000000        1000.0000000000000       0.47438074318426571        5.2644845593466993E-002  0.47297441122226735     
  0.12538644359582818        1.0000000000000000        1000.0000000000000       0.46859170491432689        5.2009028539390635E-002  0.47939926654628262     
  0.12741744773883829        1.0000000000000000        1000.0000000000000       0.46287331235370965        5.1380204887606640E-002  0.48574648275868376     
  0.12944845188184839        1.0000000000000000        1000.0000000000000       0.45722470338749716        5.0758377768244885E-002  0.49201691884425786     
  0.13147945602485850        1.0000000000000000        1000.0000000000000       0.45164502642147047        5.0143540050086324E-002  0.49821143352844327     
  0.13351046016786861        1.0000000000000000        1000.0000000000000       0.44613344025372004        4.9535675647614505E-002  0.50433088409866556     
  0.13554146431087871        1.0000000000000000        1000.0000000000000       0.44068911394782445        4.8934760675203165E-002  0.51037612537697252     
  0.13757246845388882        1.0000000000000000        1000.0000000000000       0.43531122670757760        4.8340764466031173E-002  0.51634800882639131     
  0.13960347259689893        1.0000000000000000        1000.0000000000000       0.42999896775324331        4.7753650471838112E-002  0.52224738177491858     
  0.14163447673990903        1.0000000000000000        1000.0000000000000       0.42475153619932171        4.7173377057538657E-002  0.52807508674313963     
  0.14366548088291914        1.0000000000000000        1000.0000000000000       0.41956814093380568        4.6599898202711987E-002  0.53383196086348250     
  0.14569648502592925        1.0000000000000000        1000.0000000000000       0.41444800049891123        4.6033164120561562E-002  0.53951883538052736     
  0.14772748916893935        1.0000000000000000        1000.0000000000000       0.40939034297326410        4.5473121803903421E-002  0.54513653522283256     
  0.14975849331194946        1.0000000000000000        1000.0000000000000       0.40439440585552333        4.4919715506728845E-002  0.55068587863774787     
  0.15178949745495957        1.0000000000000000        1000.0000000000000       0.39945943594942490        4.4372887168837701E-002  0.55616767688173741     
  0.15382050159796967        1.0000000000000000        1000.0000000000000       0.39458468925022916        4.3832576790100761E-002  0.56158273395967018     
  0.15585150574097978        1.0000000000000000        1000.0000000000000       0.38976943083255261        4.3298722760153022E-002  0.56693184640729444     
  0.15788250988398989        1.0000000000000000        1000.0000000000000       0.38501293473957021        4.2771262148690051E-002  0.57221580311173970     
  0.16194451817001010        1.0000000000000000        1000.0000000000000       0.37567336989132838        4.1735264283651471E-002  0.58259136582502014     
  0.16560032553058246        1.0000000000000000        1000.0000000000000       0.36746162588055536        4.0824081761283736E-002  0.59171429235816098     
  0.16903676861457823        1.0000000000000000        1000.0000000000000       0.35990635950351030        3.9985543263112544E-002  0.60010809723337721     
  0.17247321169857399        1.0000000000000000        1000.0000000000000       0.35250643465162096        3.9164089494616895E-002  0.60832947585376229     
  0.17590965478256976        1.0000000000000000        1000.0000000000000       0.34525865739644290        3.8359398449029365E-002  0.61638194415452774     
  0.17934609786656552        1.0000000000000000        1000.0000000000000       0.33815989947886782        3.7571149253762356E-002  0.62426895126736981     
  0.18278254095056129        1.0000000000000000        1000.0000000000000       0.33120709695761708        3.6799023208484709E-002  0.63199387983389832     
  0.18621898403455706        1.0000000000000000        1000.0000000000000       0.32439724888762739        3.6042704547349098E-002  0.63956004656502363     
  0.18965542711855282        1.0000000000000000        1000.0000000000000       0.31772741602581106        3.5301881030876607E-002  0.64697070294331238     
  0.19309187020254859        1.0000000000000000        1000.0000000000000       0.31119471956243666        3.4576244431528569E-002  0.65422903600603488     
  0.19652831328654435        1.0000000000000000        1000.0000000000000       0.30479633987807203        3.3865490917711523E-002  0.66133816920421651     
  0.19996475637054012        1.0000000000000000        1000.0000000000000       0.29852951532636901        3.3169321332634984E-002  0.66830116334099599     
  0.20340119945453589        1.0000000000000000        1000.0000000000000       0.29239154104225806        3.2487441387266162E-002  0.67512101757047593     
  0.20683764253853165        1.0000000000000000        1000.0000000000000       0.28637976777466440        3.1819561795878894E-002  0.68180067042945680     
  0.21027408562252742        1.0000000000000000        1000.0000000000000       0.28049160074303914        3.1165398370730960E-002  0.68834300088622991     
  0.21371052870652318        1.0000000000000000        1000.0000000000000       0.27472449851731440        3.0524672079783745E-002  0.69475082940290189     
  0.21714697179051895        1.0000000000000000        1000.0000000000000       0.26907597192094379        2.9897109070318346E-002  0.70102691900873793     
  0.22058341487451472        1.0000000000000000        1000.0000000000000       0.26354358295656660        2.9282440665687942E-002  0.70717397637774559     
  0.22745630104250625        1.0000000000000000        1000.0000000000000       0.25281771559475646        2.8090738661233541E-002  0.71909154574401002     
  0.23432918721049778        1.0000000000000000        1000.0000000000000       0.24252837661483737        2.6947519007671963E-002  0.73052410437749071     
  0.24120207337848931        1.0000000000000000        1000.0000000000000       0.23265779987732188        2.5850814800734100E-002  0.74149138532194414     
  0.24807495954648084        1.0000000000000000        1000.0000000000000       0.22318894227377076        2.4798737061280558E-002  0.75201232066494861     
  0.25494784571447238        1.0000000000000000        1000.0000000000000       0.21410545435049241        2.3789472246615328E-002  0.76210507340289224     
  0.26182073188246391        1.0000000000000000        1000.0000000000000       0.20539165208693738        2.2821279681819961E-002  0.77178706823124266     
  0.26869361805045544        1.0000000000000000        1000.0000000000000       0.19703248978853716        2.1892488945760354E-002  0.78107502126570250     
  0.27556650421844697        1.0000000000000000        1000.0000000000000       0.18901353408967586        2.1001497221179190E-002  0.78998496868914503     
  0.28243939038643850        1.0000000000000000        1000.0000000000000       0.18132093903619084        2.0146766659436609E-002  0.79853229430437267     
  0.28931227655443004        1.0000000000000000        1000.0000000000000       0.17394142218834030        1.9326821816477859E-002  0.80673175599518177     
  0.29618516272242157        1.0000000000000000        1000.0000000000000       0.16686224168855743        1.8540247179184104E-002  0.81459751113225853     
  0.30305804889041310        1.0000000000000000        1000.0000000000000       0.16007117425624129        1.7785684772852563E-002  0.82214314097090635     
  0.30993093505840463        1.0000000000000000        1000.0000000000000       0.15355649407954833        1.7061831843868704E-002  0.82938167407658303     
  0.31680382122639617        1.0000000000000000        1000.0000000000000       0.14730695257006374        1.6367438624391675E-002  0.83632560880554463     
  0.32367670739438770        1.0000000000000000        1000.0000000000000       0.14131175894230294        1.5701306185994596E-002  0.84298693487170240     
  0.33054959356237923        1.0000000000000000        1000.0000000000000       0.13556056158203014        1.5062284380301588E-002  0.84937715403766822     
  0.33742247973037076        1.0000000000000000        1000.0000000000000       0.13004343017176118        1.4449269860134489E-002  0.85550729996810437     
  0.34429536589836229        1.0000000000000000        1000.0000000000000       0.12475083854407146        1.3861204177301821E-002  0.86138795727862683     
  0.35116825206635383        1.0000000000000000        1000.0000000000000       0.11967364823345197        1.3297071956303705E-002  0.86702927981024436     
  0.35804113823434536        1.0000000000000000        1000.0000000000000       0.11480309269770185        1.2755899142735276E-002  0.87244100815956283     
  0.36491402440233689        1.0000000000000000        1000.0000000000000       0.11013076218118399        1.2236751323135451E-002  0.87763248649568060     
  0.37178691057032842        1.0000000000000000        1000.0000000000000       0.10564858919393626        1.1738732112522025E-002  0.88261267869354165     
  0.37865979673831995        1.0000000000000000        1000.0000000000000       0.10134883458184023        1.1260981606841244E-002  0.88739018381131851     
  0.38553268290631149        1.0000000000000000        1000.0000000000000        9.7224074163843086E-002   1.0802674898282199E-002  0.89197325093787472     
  0.39240556907430302        1.0000000000000000        1000.0000000000000        9.3267185913040701E-002   1.0363020651211535E-002  0.89636979343574785     
  0.39927845524229455        1.0000000000000000        1000.0000000000000        8.9471337659414701E-002   9.9412597361016146E-003  0.90058740260448378     
  0.40615134141028608        1.0000000000000000        1000.0000000000000        8.5829975293019126E-002   9.5366639188910612E-003  0.90463336078808976     
  0.41302422757827761        1.0000000000000000        1000.0000000000000        8.2336811447298430E-002   9.1485346035587115E-003  0.90851465394914288     
  0.41989711374626915        1.0000000000000000        1000.0000000000000        7.8985814643002028E-002   8.7762016258868848E-003  0.91223798373111109     
  0.42676999991426068        1.0000000000000000        1000.0000000000000        7.5771198873928247E-002   8.4190220963737076E-003  0.91580977902969807     
  0.43364288608225221        1.0000000000000000        1000.0000000000000        7.2687413616502938E-002   8.0763792902377816E-003  0.91923620709325926     
  0.44051577225024374        1.0000000000000000        1000.0000000000000        6.9729134245949634E-002   7.7476815825579352E-003  0.92252318417149237     
  0.44738865841823527        1.0000000000000000        1000.0000000000000        6.6891252842511892E-002   7.4323614267301020E-003  0.92567638573075794     
  0.45426154458622681        1.0000000000000000        1000.0000000000000        6.4168869371854273E-002   7.1298743745103000E-003  0.92870125625363542     
  0.46113443075421834        1.0000000000000000        1000.0000000000000        6.1557283224408926E-002   6.8396981359539156E-003  0.93160301863963713     
  0.46800731692220987        1.0000000000000000        1000.0000000000000        5.9051985099057264E-002   6.5613316776115677E-003  0.93438668322333118     
  0.47488020309020140        1.0000000000000000        1000.0000000000000        5.6648649217133820E-002   6.2942943574176517E-003  0.93705705642544856     
  0.48175308925819293        1.0000000000000000        1000.0000000000000        5.4343125853310532E-002   6.0381250947848667E-003  0.93961874905190457     
  0.48862597542618447        1.0000000000000000        1000.0000000000000        5.2131434170464432E-002   5.7923815744785334E-003  0.94207618425505701     
  0.49549886159417600        1.0000000000000000        1000.0000000000000        5.0009755346156662E-002   5.5566394828948642E-003  0.94443360517094843     
  0.50237174776216753        1.0000000000000000        1000.0000000000000        4.7974425978853971E-002   5.3304917754203708E-003  0.94669508224572574     
  0.50924463393015906        1.0000000000000000        1000.0000000000000        4.6021931762507975E-002   5.1135479736066141E-003  0.94886452026388546     
  0.51611752009815060        1.0000000000000000        1000.0000000000000        4.4148901418570738E-002   4.9054334909488309E-003  0.95094566509048040     
  0.52299040626614213        1.0000000000000000        1000.0000000000000        4.2352100874968969E-002   4.7057889861055052E-003  0.95294211013892560     
  0.52986329243413366        1.0000000000000000        1000.0000000000000        4.0628427681986365E-002   4.5142697424415063E-003  0.95485730257557211     
  0.53673617860212519        1.0000000000000000        1000.0000000000000        3.8974905655411708E-002   4.3305450728225066E-003  0.95669454927176578     
  0.54360906477011672        1.0000000000000000        1000.0000000000000        3.7388679737703719E-002   4.1542977486330431E-003  0.95845702251366327     
  0.55048195093810826        1.0000000000000000        1000.0000000000000        3.5867011068299405E-002   3.9852234520328335E-003  0.96014776547966785     
  0.55735483710609979        1.0000000000000000        1000.0000000000000        3.4407272254554352E-002   3.8230302505057809E-003  0.96176969749493990     
  0.56422772327409132        1.0000000000000000        1000.0000000000000        3.3006942835149308E-002   3.6674380927941902E-003  0.96332561907205649     
  0.57110060944208285        1.0000000000000000        1000.0000000000000        3.1663604928129883E-002   3.5181783253476302E-003  0.96481821674652246     
  0.57797349561007438        1.0000000000000000        1000.0000000000000        3.0374939056065305E-002   3.3749932284516076E-003  0.96625006771548305     
  0.58484638177806592        1.0000000000000000        1000.0000000000000        2.9138720141117368E-002   3.2376355712352106E-003  0.96762364428764736     
  0.59171926794605745        1.0000000000000000        1000.0000000000000        2.7952813663104828E-002   3.1058681847893964E-003  0.96894131815210582     
  0.59859215411404898        1.0000000000000000        1000.0000000000000        2.6815171973929318E-002   2.9794635526587902E-003  0.97020536447341188     
  0.60546504028204051        1.0000000000000000        1000.0000000000000        2.5723830761999075E-002   2.8582034179998779E-003  0.97141796582000117     
  0.61233792645003204        1.0000000000000000        1000.0000000000000        2.4676905660545978E-002   2.7418784067273177E-003  0.97258121593272673     
  0.61921081261802358        1.0000000000000000        1000.0000000000000        2.3672588993979310E-002   2.6302876659976956E-003  0.97369712334002301     
  0.62608369878601511        1.0000000000000000        1000.0000000000000        2.2709146656658734E-002   2.5232385174065231E-003  0.97476761482593488     
  0.63295658495400664        1.0000000000000000        1000.0000000000000        2.1784915118696763E-002   2.4205461242996374E-003  0.97579453875700373     
  0.63982947112199817        1.0000000000000000        1000.0000000000000        2.0898298553621193E-002   2.3220331726245750E-003  0.97677966827375418     
  0.64670235728998970        1.0000000000000000        1000.0000000000000        2.0047766082937696E-002   2.2275295647708540E-003  0.97772470435229153     
  0.65357524345798124        1.0000000000000000        1000.0000000000000        1.9231849132835030E-002   2.1368721258705576E-003  0.97863127874129452     
  0.66044812962597277        1.0000000000000000        1000.0000000000000        1.8449138898468699E-002   2.0499043220520768E-003  0.97950095677947924     
  0.66732101579396430        1.0000000000000000        1000.0000000000000        1.7698283911444960E-002   1.9664759901605509E-003  0.98033524009839457     
  0.67419390196195583        1.0000000000000000        1000.0000000000000        1.6977987706304803E-002   1.8864430784783111E-003  0.98113556921521683     
  0.68106678812994736        1.0000000000000000        1000.0000000000000        1.6287006581979010E-002   1.8096673979976676E-003  0.98190332602002339     
  0.68793967429793890        1.0000000000000000        1000.0000000000000        1.5624147454348807E-002   1.7360163838165334E-003  0.98263983616183481     
  0.69481256046593043        1.0000000000000000        1000.0000000000000        1.4988265796204542E-002   1.6653628662449493E-003  0.98334637133755043     
  0.70168544663392196        1.0000000000000000        1000.0000000000000        1.4378263661045181E-002   1.5975848512272423E-003  0.98402415148772759     
  0.70855833280191349        1.0000000000000000        1000.0000000000000        1.3793087787306485E-002   1.5325653097007204E-003  0.98467434690299283     
  0.71543121896990503        1.0000000000000000        1000.0000000000000        1.3231727779744559E-002   1.4701919755271734E-003  0.98529808024472831     
  0.72230410513789656        1.0000000000000000        1000.0000000000000        1.2693214364834645E-002   1.4103571516482939E-003  0.98589642848351711     
  0.72917699130588809        1.0000000000000000        1000.0000000000000        1.2176617717172752E-002   1.3529575241303061E-003  0.98647042475869695     
  0.73604987747387962        1.0000000000000000        1000.0000000000000        1.1681045853990584E-002   1.2978939837767314E-003  0.98702106016223268     
  0.74292276364187115        1.0000000000000000        1000.0000000000000        1.1205643095011418E-002   1.2450714550012686E-003  0.98754928544998744     
  0.74979564980986269        1.0000000000000000        1000.0000000000000        1.0749588584987873E-002   1.1943987316653192E-003  0.98805601268334686     
  0.75666853597785422        1.0000000000000000        1000.0000000000000        1.0312094876370310E-002   1.1457883195967013E-003  0.98854211680403303     
  0.76354142214584575        1.0000000000000000        1000.0000000000000        9.8924065696587554E-003   1.0991562855176393E-003  0.98900843714482367     
  0.77041430831383728        1.0000000000000000        1000.0000000000000        9.4897990090906416E-003   1.0544221121211823E-003  0.98945577887878811     
  0.77728719448182881        1.0000000000000000        1000.0000000000000        9.1035770314123222E-003   1.0115085590458137E-003  0.98988491440954185     
  0.78416008064982035        1.0000000000000000        1000.0000000000000        8.7330737655738240E-003   9.7034152950820247E-004  0.99029658470491810     
  0.79103296681781188        1.0000000000000000        1000.0000000000000        8.3776494812744830E-003   9.3084994236383169E-004  0.99069150057636179     
  0.79790585298580341        1.0000000000000000        1000.0000000000000        8.0366904843711725E-003   8.9296560937457458E-004  0.99107034390625437     
  0.80477873915379494        1.0000000000000000        1000.0000000000000        7.7096080572418941E-003   8.5662311747132123E-004  0.99143376882528689     
  0.81165162532178647        1.0000000000000000        1000.0000000000000        7.3958374422751988E-003   8.2175971580835522E-004  0.99178240284191643     
  0.81852451148977801        1.0000000000000000        1000.0000000000000        7.0948368667301705E-003   7.8831520741446347E-004  0.99211684792585542     
  0.82539739765776954        1.0000000000000000        1000.0000000000000        6.8060866072832977E-003   7.5623184525369950E-004  0.99243768154746292     
  0.83227028382576107        1.0000000000000000        1000.0000000000000        6.5290880926470209E-003   7.2545423251633588E-004  0.99274545767483668     
  0.83914316999375260        1.0000000000000000        1000.0000000000000        6.2633630427105028E-003   6.9592922696783371E-004  0.99304070773032160     
  0.84601605616174413        1.0000000000000000        1000.0000000000000        6.0084526427161868E-003   6.6760584919068754E-004  0.99332394150809322     
  0.85288894232973567        1.0000000000000000        1000.0000000000000        5.7639167510462573E-003   6.4043519456069510E-004  0.99359564805439315     
  0.85976182849772720        1.0000000000000000        1000.0000000000000        5.5293331392511306E-003   6.1437034880568100E-004  0.99385629651194329     
  0.86663471466571873        1.0000000000000000        1000.0000000000000        5.3042967630077412E-003   5.8936630700085998E-004  0.99410633692999140     
  0.87350760083371026        1.0000000000000000        1000.0000000000000        5.0884190627488489E-003   5.6537989586098335E-004  0.99434620104139015     
  0.88038048700170179        1.0000000000000000        1000.0000000000000        4.8813272927557940E-003   5.4236969919508823E-004  0.99457630300804911     
  0.88725337316969333        1.0000000000000000        1000.0000000000000        4.6826638775562361E-003   5.2029598639513717E-004  0.99479704013604875     
  0.89412625933768486        1.0000000000000000        1000.0000000000000        4.4920857945156848E-003   4.9912064383507621E-004  0.99500879356164940     
  0.90099914550567639        1.0000000000000000        1000.0000000000000        4.3092639815566752E-003   4.7880710906185296E-004  0.99521192890938148     
  0.90787203167366792        1.0000000000000000        1000.0000000000000        4.1338827689829999E-003   4.5932030766477781E-004  0.99540679692335221     
  0.91474491784165946        1.0000000000000000        1000.0000000000000        3.9656393344279046E-003   4.4062659271421165E-004  0.99559373407285801     
  0.92161780400965099        1.0000000000000000        1000.0000000000000        3.8042431799851701E-003   4.2269368666501887E-004  0.99577306313334979     
  0.92849069017764252        1.0000000000000000        1000.0000000000000        3.6494156306202514E-003   4.0549062562447247E-004  0.99594509374375528     
  0.93536357634563405        1.0000000000000000        1000.0000000000000        3.5008893529953891E-003   3.8898770588837654E-004  0.99611012294111634     
  0.94223646251362558        1.0000000000000000        1000.0000000000000        3.3584078938779065E-003   3.7315643265310077E-004  0.99626843567346890     
  0.94910934868161712        1.0000000000000000        1000.0000000000000        3.2217252373346558E-003   3.5796947081496175E-004  0.99642030529185044     
  0.95598223484960865        1.0000000000000000        1000.0000000000000        3.0906053799480459E-003   3.4340059777200507E-004  0.99656599402227997     
  0.96285512101760018        1.0000000000000000        1000.0000000000000        2.9648219233202131E-003   3.2942465814669039E-004  0.99670575341853307     
  0.96972800718559171        1.0000000000000000        1000.0000000000000        2.8441576831617168E-003   3.1601752035130190E-004  0.99683982479648703     
  0.97660089335358324        1.0000000000000000        1000.0000000000000        2.7284043142897902E-003   3.0315603492108779E-004  0.99696843965078918     
  0.98347377952157478        1.0000000000000000        1000.0000000000000        2.6173619508886659E-003   2.9081799454318502E-004  0.99709182005456809     
  0.99034666568956631        1.0000000000000000        1000.0000000000000        2.5108388614108117E-003   2.7898209571231236E-004  0.99721017904287690     
  0.99721955185755784        1.0000000000000000        1000.0000000000000        2.4086511175232203E-003   2.6762790194702449E-004  0.99732372098052968     
   1.0000000000000000        1.0000000000000000        1000.0000000000000        2.3685020198843847E-003   2.6316689109826501E-004  0.99736833108901723     
